the 35230.0 8448.0 17610.0 866.0 20040.0 3492.0 11092.0 5281.0 3269.0 2688.0 2072.0 434.0 808.0 691.0 2092.0 1246.0 9417.0 1780.0 72.0 815.0
stop 8448.0 1126.0 7246.0 5.0 4109.0 13.0 3226.0 40.0 30.0 15.0 9.0 8.0 11.0 2.0 16.0 12.0 81.0 3.0 0.0 3.0
to 17610.0 7246.0 6940.0 202.0 8856.0 669.0 6841.0 1120.0 3925.0 667.0 636.0 154.0 506.0 184.0 867.0 229.0 2680.0 549.0 24.0 205.0
sunshine 866.0 5.0 202.0 22.0 450.0 2.0 258.0 37.0 5.0 13.0 6.0 6.0 7.0 9.0 0.0 6.0 45.0 112.0 0.0 0.0
and 20040.0 4109.0 8856.0 450.0 8864.0 1616.0 8761.0 3894.0 2679.0 1167.0 835.0 551.0 762.0 306.0 3288.0 660.0 2817.0 1609.0 70.0 845.0
orange 3492.0 13.0 669.0 2.0 1616.0 734.0 759.0 210.0 5.0 2.0 1.0 2.0 2.0 6.0 132.0 0.0 20.0 129.0 2.0 84.0
a 11092.0 3226.0 6841.0 258.0 8761.0 759.0 6186.0 2722.0 1972.0 1460.0 1380.0 465.0 1302.0 325.0 1276.0 181.0 2528.0 1232.0 102.0 407.0
blue 5281.0 40.0 1120.0 37.0 3894.0 210.0 2722.0 1382.0 15.0 25.0 12.0 23.0 4.0 20.0 38.0 8.0 54.0 224.0 7.0 246.0
happy 3269.0 30.0 3925.0 5.0 2679.0 5.0 1972.0 15.0 582.0 31.0 13.0 11.0 44.0 2.0 3.0 0.0 39.0 24.0 0.0 2.0
sitting 2688.0 15.0 667.0 13.0 1167.0 2.0 1460.0 25.0 31.0 60.0 16.0 5.0 5.0 22.0 6.0 5.0 31.0 9.0 0.0 0.0
guy 2072.0 9.0 636.0 6.0 835.0 1.0 1380.0 12.0 13.0 16.0 186.0 0.0 1.0 2.0 0.0 0.0 16.0 9.0 0.0 0.0
sunny 434.0 8.0 154.0 6.0 551.0 2.0 465.0 23.0 11.0 5.0 0.0 14.0 7.0 4.0 2.0 0.0 100.0 119.0 0.0 0.0
smile 808.0 11.0 506.0 7.0 762.0 2.0 1302.0 4.0 44.0 5.0 1.0 7.0 152.0 0.0 0.0 0.0 14.0 17.0 0.0 0.0
shade 691.0 2.0 184.0 9.0 306.0 6.0 325.0 20.0 2.0 22.0 2.0 4.0 0.0 28.0 8.0 0.0 6.0 15.0 0.0 5.0
fruit 2092.0 16.0 867.0 0.0 3288.0 132.0 1276.0 38.0 3.0 6.0 0.0 2.0 0.0 8.0 946.0 1.0 14.0 20.0 39.0 25.0
scenery 1246.0 12.0 229.0 6.0 660.0 0.0 181.0 8.0 0.0 5.0 0.0 0.0 0.0 0.0 1.0 2.0 1.0 4.0 0.0 0.0
morning 9417.0 81.0 2680.0 45.0 2817.0 20.0 2528.0 54.0 39.0 31.0 16.0 100.0 14.0 6.0 14.0 1.0 378.0 103.0 0.0 1.0
bright 1780.0 3.0 549.0 112.0 1609.0 129.0 1232.0 224.0 24.0 9.0 9.0 119.0 17.0 15.0 20.0 4.0 103.0 304.0 3.0 53.0
dessert 72.0 0.0 24.0 0.0 70.0 2.0 102.0 7.0 0.0 0.0 0.0 0.0 0.0 0.0 39.0 0.0 0.0 3.0 22.0 4.0
purple 815.0 3.0 205.0 0.0 845.0 84.0 407.0 246.0 2.0 0.0 0.0 0.0 0.0 5.0 25.0 0.0 1.0 53.0 4.0 326.0
